22 22
110.000000 220.000000 330.000000 440.000000 550.000000 660.000000 770.000000 880.000000 990.000000 1100.000000 110.000000 220.000000 330.000000 440.000000 550.000000 660.000000 770.000000 880.000000 990.000000 1100.000000 0.000000 0.000000 
110.000000 220.000000 330.000000 440.000000 550.000000 660.000000 770.000000 880.000000 990.000000 1100.000000 110.000000 220.000000 330.000000 440.000000 550.000000 660.000000 770.000000 880.000000 990.000000 1100.000000 0.000000 0.000000 
110.000000 220.000000 330.000000 440.000000 550.000000 660.000000 770.000000 880.000000 990.000000 1100.000000 110.000000 220.000000 330.000000 440.000000 550.000000 660.000000 770.000000 880.000000 990.000000 1100.000000 0.000000 0.000000 
110.000000 220.000000 330.000000 440.000000 550.000000 660.000000 770.000000 880.000000 990.000000 1100.000000 110.000000 220.000000 330.000000 440.000000 550.000000 660.000000 770.000000 880.000000 990.000000 1100.000000 0.000000 0.000000 
110.000000 220.000000 330.000000 440.000000 550.000000 660.000000 770.000000 880.000000 990.000000 1100.000000 110.000000 220.000000 330.000000 440.000000 550.000000 660.000000 770.000000 880.000000 990.000000 1100.000000 0.000000 0.000000 
110.000000 220.000000 330.000000 440.000000 550.000000 660.000000 770.000000 880.000000 990.000000 1100.000000 110.000000 220.000000 330.000000 440.000000 550.000000 660.000000 770.000000 880.000000 990.000000 1100.000000 0.000000 0.000000 
110.000000 220.000000 330.000000 440.000000 550.000000 660.000000 770.000000 880.000000 990.000000 1100.000000 110.000000 220.000000 330.000000 440.000000 550.000000 660.000000 770.000000 880.000000 990.000000 1100.000000 0.000000 0.000000 
110.000000 220.000000 330.000000 440.000000 550.000000 660.000000 770.000000 880.000000 990.000000 1100.000000 110.000000 220.000000 330.000000 440.000000 550.000000 660.000000 770.000000 880.000000 990.000000 1100.000000 0.000000 0.000000 
110.000000 220.000000 330.000000 440.000000 550.000000 660.000000 770.000000 880.000000 990.000000 1100.000000 110.000000 220.000000 330.000000 440.000000 550.000000 660.000000 770.000000 880.000000 990.000000 1100.000000 0.000000 0.000000 
110.000000 220.000000 330.000000 440.000000 550.000000 660.000000 770.000000 880.000000 990.000000 1100.000000 110.000000 220.000000 330.000000 440.000000 550.000000 660.000000 770.000000 880.000000 990.000000 1100.000000 0.000000 0.000000 
110.000000 220.000000 330.000000 440.000000 550.000000 660.000000 770.000000 880.000000 990.000000 1100.000000 110.000000 220.000000 330.000000 440.000000 550.000000 660.000000 770.000000 880.000000 990.000000 1100.000000 0.000000 0.000000 
110.000000 220.000000 330.000000 440.000000 550.000000 660.000000 770.000000 880.000000 990.000000 1100.000000 110.000000 220.000000 330.000000 440.000000 550.000000 660.000000 770.000000 880.000000 990.000000 1100.000000 0.000000 0.000000 
110.000000 220.000000 330.000000 440.000000 550.000000 660.000000 770.000000 880.000000 990.000000 1100.000000 110.000000 220.000000 330.000000 440.000000 550.000000 660.000000 770.000000 880.000000 990.000000 1100.000000 0.000000 0.000000 
110.000000 220.000000 330.000000 440.000000 550.000000 660.000000 770.000000 880.000000 990.000000 1100.000000 110.000000 220.000000 330.000000 440.000000 550.000000 660.000000 770.000000 880.000000 990.000000 1100.000000 0.000000 0.000000 
110.000000 220.000000 330.000000 440.000000 550.000000 660.000000 770.000000 880.000000 990.000000 1100.000000 110.000000 220.000000 330.000000 440.000000 550.000000 660.000000 770.000000 880.000000 990.000000 1100.000000 0.000000 0.000000 
110.000000 220.000000 330.000000 440.000000 550.000000 660.000000 770.000000 880.000000 990.000000 1100.000000 110.000000 220.000000 330.000000 440.000000 550.000000 660.000000 770.000000 880.000000 990.000000 1100.000000 0.000000 0.000000 
110.000000 220.000000 330.000000 440.000000 550.000000 660.000000 770.000000 880.000000 990.000000 1100.000000 110.000000 220.000000 330.000000 440.000000 550.000000 660.000000 770.000000 880.000000 990.000000 1100.000000 0.000000 0.000000 
110.000000 220.000000 330.000000 440.000000 550.000000 660.000000 770.000000 880.000000 990.000000 1100.000000 110.000000 220.000000 330.000000 440.000000 550.000000 660.000000 770.000000 880.000000 990.000000 1100.000000 0.000000 0.000000 
110.000000 220.000000 330.000000 440.000000 550.000000 660.000000 770.000000 880.000000 990.000000 1100.000000 110.000000 220.000000 330.000000 440.000000 550.000000 660.000000 770.000000 880.000000 990.000000 1100.000000 0.000000 0.000000 
110.000000 220.000000 330.000000 440.000000 550.000000 660.000000 770.000000 880.000000 990.000000 1100.000000 110.000000 220.000000 330.000000 440.000000 550.000000 660.000000 770.000000 880.000000 990.000000 1100.000000 0.000000 0.000000 
110.000000 220.000000 330.000000 440.000000 550.000000 660.000000 770.000000 880.000000 990.000000 1100.000000 110.000000 220.000000 330.000000 440.000000 550.000000 660.000000 770.000000 880.000000 990.000000 1100.000000 0.000000 0.000000 
110.000000 220.000000 330.000000 440.000000 550.000000 660.000000 770.000000 880.000000 990.000000 1100.000000 110.000000 220.000000 330.000000 440.000000 550.000000 660.000000 770.000000 880.000000 990.000000 1100.000000 0.000000 0.000000 
